,Scenario,NO,DK,DE,NL,BE,UK,Average
0,\textbf{Scenario A},31.59,50.36,62.98,58.12,65.96,61.86,57.78
0,\textbf{Scenario B},31.06,44.78,61.75,58.34,65.59,61.28,56.77
0,\textbf{Scenario C},31.04,47.81,61.5,60.63,65.5,60.43,56.87
0,\textbf{Scenario D},31.32,48.0,61.98,58.51,63.96,60.35,56.76
0,\textbf{Scenario E},31.04,48.74,61.02,60.02,65.38,60.19,56.59
0,\textbf{Scenario F},32.12,51.06,61.48,63.03,65.69,61.62,57.75
0,\textbf{Scenario G},30.78,46.23,61.43,57.61,64.31,60.68,56.38
0,\textbf{Scenario H},31.32,48.69,61.49,58.85,64.38,60.41,56.67
0,\textbf{Scenario I},31.05,49.33,61.67,58.99,64.89,59.91,56.66
